4294967279,538
4294967278,319
4294967294,437
429,5
429,4
429,3
429,2
429,1
4294967279,351
4294967278,195
4294967279,345
4294967279,348
427,5
427,4
427,3
427,2
427,1
425,6
425,5
425,4
425,3
425,2
425,1
4294967278,409
424,5
424,4
424,3
424,2
424,1
4294967279,362
4294967294,463
423,5
423,4
423,3
423,2
423,1
422,5
422,4
422,3
422,2
422,1
4294967279,146
421,4
421,3
421,2
421,1
4294967278,134
4294967278,63
4294967278,62
4294967278,61
4294967278,60
4294967278,59
4294967278,58
4294967278,57
4294967278,56
4294967278,55
4294967278,54
4294967278,53
4294967278,52
4294967278,51
4294967278,50
4294967278,49
4294967278,48
4294967279,86
4294967279,81
4294967279,80
4294967279,77
4294967279,76
4294967279,74
4294967279,73
4294967279,72
4294967279,71
4294967279,70
4294967279,67
4294967279,66
4294967279,65
4294967279,64
4294967279,62
4294967279,61
4294967279,60
4294967279,59
4294967279,53
4294967279,51
4294967279,50
4294967279,49
4294967279,48
4294967279,45
4294967279,42
4294967279,40
4294967279,37
4294967279,36
4294967279,34
4294967279,33
4294967279,31
4294967279,27
4294967279,26
4294967279,25
4294967279,24
4294967279,21
4294967279,17
4294967279,16
4294967279,14
4294967279,12
4294967279,9
4294967279,58
4294967279,57
4294967279,55
4294967279,32
4294967279,30
4294967279,28
4294967294,388
420,5
420,4
420,2
420,1
4294967279,514
4294967279,251
4294967278,327
4294967279,320
4294967279,241
418,5
418,4
418,3
418,2
418,1
4294967279,242
4294967294,474
4294967294,89
4294967278,230
4294967279,234
4294967278,394
4294967279,231
416,6
4294967278,228
4294967278,229
416,5
4294967279,221
416,4
416,3
416,2
416,1
4294967279,217
4294967279,215
4294967279,347
415,5
4294967278,212
415,4
415,3
415,2
415,1
4294967279,561
4294967278,272
4294967279,273
4294967294,111
414,5
414,4
414,3
414,2
414,1
4294967279,202
4294967294,392
4294967294,389
4294967278,199
4294967279,201
4294967278,266
413,5
413,4
413,3
413,2
413,1
412,4
412,3
412,2
412,1
4294967278,354
4294967278,191
4294967294,468
4294967278,402
4294967278,387
4294967278,263
4294967279,350
4294967278,88
4294967279,327
4294967279,181
4294967294,961
4294967294,917
4294967294,910
4294967294,190
4294967279,540
4294967279,267
4294967294,1413
4294967294,905
4294967294,173
4294967294,901
4294967294,965
4294967279,266
411,5
4294967278,169
411,4
411,2
411,1
4294967278,347
4294967278,158
409,5
409,4
409,3
409,2
409,1
4294967294,973
4294967294,967
4294967278,147
407,6
4294967279,144
4294967294,115
4294967278,146
4294967278,145
407,5
407,4
407,3
407,2
407,1
4294967278,415
4294967294,1415
4294967294,399
4294967294,398
4294967294,184
4294967279,139
4294967278,341
406,5
406,4
406,3
406,2
406,1
4294967294,390
4294967279,361
405,5
405,4
405,3
405,2
405,1
4294967294,0
404,5
404,4
404,3
404,2
404,1
0,7
4294967294,393
4294967294,114
403,4
403,3
403,2
403,1
4294967294,82
4294967294,2
4294967294,903
4294967294,904
4294967294,186
4294967278,386
4294967279,557
4294967278,381
4294967278,371
4294967294,419
4294967294,424
4294967278,447
4294967294,107
4294967294,91
4294967294,90
4294967294,87
4294967294,86
4294967294,85
4294967294,84
4294967294,950
4294967294,949
4294967294,29
4294967294,921
4294967294,28
4294967294,53
4294967294,45
4294967294,427
4294967294,44
4294967294,40
4294967294,38
4294967294,37
4294967294,36
4294967294,1416
4294967294,96
4294967294,94
4294967294,9
4294967294,8
4294967294,22
4294967294,39
4294967294,42
4294967294,99
4294967294,76
4294967294,41
4294967294,51
4294967294,52
4294967294,473
4294967294,946
4294967278,132
4294967278,131
4294967278,130
4294967278,129
4294967278,128
4294967278,127
4294967278,126
4294967278,125
4294967278,124
4294967278,123
4294967278,122
4294967278,121
4294967278,120
4294967278,119
4294967278,118
4294967278,117
4294967278,116
4294967278,115
4294967278,114
4294967278,111
4294967278,109
4294967278,108
4294967278,107
4294967278,106
4294967278,105
4294967278,104
4294967278,103
4294967278,102
4294967278,100
4294967278,97
4294967278,95
4294967278,94
4294967278,93
4294967278,92
4294967278,91
4294967278,90
4294967278,89
4294967278,87
4294967278,85
4294967278,81
4294967278,80
4294967278,79
4294967278,78
4294967278,76
4294967278,73
4294967278,72
4294967278,71
4294967278,69
4294967278,67
4294967278,66
4294967278,65
4294967278,64
4294967279,88
4294967279,87
4294967279,84
4294967279,83
4294967279,260
4294967279,79
4294967279,78
4294967279,75
4294967279,69
4294967279,63
4294967279,56
4294967279,54
4294967279,44
4294967279,43
4294967279,41
4294967279,39
4294967279,38
4294967279,35
4294967279,29
4294967279,23
4294967279,22
4294967279,20
4294967279,18
4294967279,13
4294967279,11
4294967279,6
4294967279,5
4294967279,4
4294967278,325
4294967294,30
4294967294,942
4294967294,941
4294967294,939
4294967294,938
4294967294,933
4294967294,922
4294967294,436
4294967294,830
4294967294,829
4294967294,828
4294967294,827
4294967294,60
4294967294,12
4294967279,248
4294967279,383
4294967278,245
4294967279,382
4294967279,2
402,5
402,4
402,2
402,1
4294967278,446
4294967278,2
4294967278,215
4294967279,381
400,5
400,4
400,3
400,2
400,1
4294967279,316
4294967279,205
4294967279,312
398,6
4294967279,200
4294967278,200
398,5
4294967279,199
4294967278,198
4294967279,198
398,4
398,3
398,2
398,1
4294967278,445
4294967279,194
397,5
4294967279,192
397,4
397,3
397,2
397,1
4294967294,444
4294967294,167
4294967278,444
4294967278,346
4294967278,0
396,5
396,4
396,3
396,2
396,1
4294967278,352
395,5
395,4
395,3
395,2
395,1
394,4
394,3
394,2
394,1
4294967279,534
4294967278,304
4294967279,296
4294967278,301
4294967279,380
4294967278,154
4294967278,443
4294967278,413
4294967279,379
4294967279,19
4294967279,15
4294967279,10
4294967279,378
4294967278,276
4294967279,377
4294967279,337
4294967278,270
4294967279,265
393,5
393,4
393,2
393,1
4294967278,281
4294967278,265
4294967279,8
4294967279,7
4294967279,518
391,5
391,4
391,3
391,2
391,1
4294967279,513
4294967278,252
389,6
4294967279,376
4294967279,375
389,5
389,4
389,3
389,2
389,1
4294967279,239
4294967278,324
388,5
388,4
388,3
388,2
388,1
4294967294,169
4294967294,451
4294967294,397
4294967294,118
4294967278,442
4294967279,226
4294967279,219
387,5
387,4
387,3
387,2
387,1
4294967279,317
4294967279,213
386,5
4294967278,208
386,4
4294967279,208
386,3
386,2
386,1
4294967279,333
4294967279,207
4294967279,206
4294967278,441
4294967279,204
385,4
385,3
385,2
385,1
4294967279,203
4294967278,202
4294967279,328
4294967278,357
4294967278,403
4294967279,359
4294967278,440
4294967279,307
4294967278,194
4294967279,193
4294967278,190
4294967294,92
4294967294,88
4294967294,7
4294967294,6
4294967278,113
4294967278,112
4294967278,110
4294967278,101
4294967278,99
4294967278,98
4294967278,96
4294967278,86
4294967278,84
4294967278,77
4294967278,74
4294967278,70
4294967279,85
4294967279,68
4294967279,46
4294967278,75
4294967279,543
4294967279,559
384,5
384,4
384,2
384,1
4294967279,176
4294967278,175
4294967294,918
4294967294,899
4294967294,421
4294967294,909
4294967279,170
4294967279,168
382,5
382,4
382,3
382,2
382,1
380,6
380,5
380,4
380,3
380,2
380,1
4294967278,150
4294967294,970
4294967294,1414
4294967294,467
4294967294,465
4294967294,450
4294967294,116
4294967279,288
379,5
379,4
379,3
379,2
379,1
4294967279,528
4294967278,291
378,5
378,4
378,3
378,2
378,1
377,5
4294967278,288
377,4
377,3
377,2
377,1
376,4
376,3
376,2
376,1
4294967279,259
4294967278,336
4294967278,406
4294967278,83
4294967278,82
4294967279,246
4294967279,0
